#数据分布

   全部图片        训练集        验证集
A   918            688          230
B   325            243          82
C   319            239          80
D   226            169          57
E   922            691          231
F   249            186          63
G   228            170          58
H   536            401          135
J   284            212          72
K   219            164          55
L   255            191          64
M   283            212          71
N   240            179          61
P   220            164          56
Q   203            152          51
R   223            167          56
S   356            266          90
T   324            242          82
U   239            179          60
V   239            179          60
W   269            201          68
Y   689            516          173
Z   220            164          56
0   534            400          134
1   591            443          148
2   478            358          120
3   438            328          110
4   384            287          97
5   455            341          114
6   423            317          106
7   407            305          102
8   497            372          125
9   472            353          119

​

